,Calories
0,1985.0
1,1797.0
2,1776.0
3,1745.0
4,1863.0
5,1728.0
6,1921.0
7,2035.0
8,1786.0
9,1775.0
10,1827.0
11,1949.0
12,1788.0
13,2013.0
14,1970.0
15,2159.0
16,1898.0
17,1837.0
18,1947.0
19,1820.0
20,2004.0
21,1990.0
22,1819.0
23,1959.0
24,1896.0
25,1821.0
26,1740.0
27,1819.0
28,1859.0
29,1783.0
30,1432.0
31,1411.0
32,1572.0
33,1344.0
34,1463.0
35,1554.0
36,1604.0
37,1435.0
38,1446.0
39,1467.0
40,1470.0
41,1562.0
42,1617.0
43,1492.0
44,1402.0
45,1670.0
46,1401.0
47,1404.0
48,1655.0
49,2690.0
50,1497.0
51,1334.0
52,1368.0
53,1370.0
54,1341.0
55,1474.0
56,1427.0
57,1328.0
58,1393.0
59,1359.0
60,1002.0
61,3199.0
62,2902.0
63,3226.0
64,2750.0
65,3493.0
66,3011.0
67,2806.0
68,3300.0
69,2430.0
70,2140.0
71,2344.0
72,2677.0
73,2413.0
74,2497.0
75,3123.0
76,2489.0
77,3108.0
78,2498.0
79,3846.0
80,2696.0
81,2580.0
82,3324.0
83,2222.0
84,2463.0
85,3328.0
86,3404.0
87,2987.0
88,3008.0
89,2799.0
90,1276.0
91,2030.0
92,1860.0
93,2130.0
94,1725.0
95,1657.0
96,1793.0
97,1814.0
98,1366.0
99,1349.0
100,2062.0
101,1827.0
102,1645.0
103,1348.0
104,1992.0
105,1856.0
106,1763.0
107,1541.0
108,1742.0
109,1549.0
110,1589.0
111,1351.0
112,2220.0
113,2151.0
114,2383.0
115,2221.0
116,2111.0
117,2093.0
118,2499.0
119,2324.0
120,2100.0
121,2638.0
122,2351.0
123,2411.0
124,2505.0
125,2195.0
126,2338.0
127,2383.0
128,2229.0
129,2390.0
130,2601.0
131,2312.0
132,2525.0
133,2177.0
134,2782.0
135,2770.0
136,2489.0
137,2897.0
138,3158.0
139,2638.0
140,2069.0
141,2529.0
142,2470.0
143,2793.0
144,2463.0
145,2296.0
146,2611.0
147,2732.0
148,2380.0
149,2473.0
150,2752.0
151,2649.0
152,2609.0
153,2498.0
154,1995.0
155,1848.0
156,2709.0
157,2797.0
158,2544.0
159,1853.0
160,1459.0
161,1521.0
162,1431.0
163,1444.0
164,1373.0
165,1214.0
166,1419.0
167,1356.0
168,1667.0
169,1370.0
170,1399.0
171,1916.0
172,1401.0
173,1576.0
174,1595.0
175,1593.0
176,1649.0
177,1692.0
178,1506.0
179,1447.0
180,1690.0
181,1604.0
182,1658.0
183,1926.0
184,1736.0
185,1491.0
186,1555.0
187,1869.0
188,1141.0
189,1698.0
190,1364.0
191,2124.0
192,2003.0
193,1696.0
194,1801.0
195,1724.0
196,1852.0
197,1905.0
198,1811.0
199,1922.0
200,1610.0
201,1851.0
202,1804.0
203,1725.0
204,1654.0
205,1632.0
206,1481.0
207,1473.0
208,1410.0
209,1779.0
210,1403.0
211,1613.0
212,1878.0
213,1426.0
214,1780.0
215,1742.0
216,1972.0
217,1821.0
218,1630.0
219,1899.0
220,1903.0
221,1125.0
222,2344.0
223,2038.0
224,2010.0
225,2133.0
226,2670.0
227,1882.0
228,1944.0
229,2346.0
230,2198.0
231,2048.0
232,1946.0
233,2629.0
234,2187.0
235,2095.0
236,1861.0
237,2194.0
238,1854.0
239,403.0
240,1982.0
241,2004.0
242,1893.0
243,2063.0
244,2148.0
245,1529.0
246,1890.0
247,1956.0
248,2094.0
249,1970.0
250,2241.0
251,2021.0
252,1898.0
253,1907.0
254,1882.0
255,1966.0
256,1835.0
257,1780.0
258,1830.0
259,1739.0
260,1878.0
261,1906.0
262,2015.0
263,1971.0
264,1910.0
265,1897.0
266,2096.0
267,1906.0
268,1962.0
269,1826.0
270,1431.0
271,1788.0
272,2093.0
273,2065.0
274,1908.0
275,1908.0
276,1964.0
277,2014.0
278,1985.0
279,1867.0
280,2124.0
281,1669.0
282,1995.0
283,1921.0
284,2010.0
285,2057.0
286,2095.0
287,1972.0
288,2044.0
289,1946.0
290,1237.0
291,1450.0
292,1495.0
293,1433.0
294,1468.0
295,1625.0
296,1529.0
297,1584.0
298,1638.0
299,1554.0
300,1397.0
301,1481.0
302,1638.0
303,1655.0
304,1570.0
305,1551.0
306,1377.0
307,1407.0
308,1545.0
309,1650.0
310,1501.0
311,1760.0
312,1710.0
313,1628.0
314,1618.0
315,1590.0
316,1574.0
317,1633.0
318,1667.0
319,1630.0
320,52.0
321,3654.0
322,2011.0
323,2951.0
324,3051.0
325,1990.0
326,1995.0
327,2207.0
328,2828.0
329,3879.0
330,3429.0
331,2704.0
332,2975.0
333,3089.0
334,2785.0
335,2926.0
336,2645.0
337,1120.0
338,2286.0
339,2306.0
340,1527.0
342,2135.0
343,2302.0
344,1985.0
345,1884.0
346,1464.0
347,1632.0
348,2200.0
349,2220.0
350,1792.0
351,1886.0
352,1945.0
353,1880.0
354,2314.0
355,2236.0
356,2324.0
357,2367.0
358,2175.0
359,2092.0
360,1593.0
361,2270.0
362,2235.0
363,2282.0
364,2530.0
365,2266.0
366,2158.0
367,1792.0
368,2345.0
369,2260.0
370,2232.0
371,257.0
373,3092.0
374,2998.0
375,3066.0
376,3073.0
377,2572.0
378,3274.0
379,3015.0
380,3083.0
381,3069.0
382,3544.0
383,3306.0
384,2885.0
385,3288.0
386,2929.0
387,3074.0
388,2969.0
389,2979.0
390,3283.0
391,2926.0
392,3147.0
393,3290.0
394,3162.0
395,2899.0
396,2899.0
397,3425.0
398,4022.0
399,3934.0
400,3013.0
401,3061.0
402,2954.0
403,1623.0
404,2113.0
405,2095.0
406,2194.0
407,2496.0
408,2180.0
409,1933.0
410,2248.0
411,1954.0
412,1974.0
413,2150.0
414,2432.0
415,2149.0
416,2247.0
417,2070.0
418,2291.0
419,2361.0
420,2203.0
421,2196.0
422,2363.0
423,2246.0
424,2336.0
425,2421.0
426,2070.0
427,2120.0
428,2211.0
429,2123.0
430,2423.0
431,2281.0
432,2181.0
433,2499.0
434,1212.0
435,1909.0
436,1722.0
437,1922.0
438,2121.0
439,1997.0
440,2117.0
441,2116.0
442,1876.0
443,1788.0
444,2486.0
445,2094.0
446,2085.0
447,2173.0
448,2225.0
449,2223.0
450,2098.0
451,2185.0
452,1918.0
453,2105.0
454,1692.0
455,2066.0
456,1953.0
457,1842.0
458,2262.0
459,1722.0
460,1973.0
461,2666.0
462,2223.0
463,1889.0
464,2131.0
465,1452.0
466,2947.0
467,2898.0
468,2984.0
469,2896.0
470,3328.0
471,3394.0
472,3013.0
473,2812.0
474,3061.0
475,2729.0
476,2241.0
477,3691.0
478,3538.0
479,3064.0
480,2784.0
481,2908.0
482,3033.0
483,3165.0
484,3115.0
485,2859.0
486,3145.0
487,3004.0
488,3006.0
489,2859.0
490,3683.0
491,3683.0
492,3287.0
493,2990.0
494,3172.0
495,3069.0
496,1240.0
497,2026.0
498,1718.0
499,2324.0
500,2254.0
501,1831.0
502,1397.0
503,1683.0
504,2284.0
505,1570.0
506,2066.0
507,2105.0
508,1776.0
509,1507.0
510,2033.0
511,2093.0
512,1922.0
513,1999.0
514,2169.0
515,1463.0
516,1747.0
517,1996.0
518,2116.0
519,1698.0
520,2156.0
521,1916.0
522,1494.0
523,1762.0
524,2272.0
525,2335.0
526,1693.0
527,741.0
528,3405.0
529,2551.0
530,4022.0
531,4005.0
532,4274.0
533,4552.0
534,3625.0
535,3501.0
536,3192.0
537,4018.0
538,3329.0
539,3152.0
540,4392.0
541,3374.0
542,3088.0
543,3294.0
544,3580.0
545,3544.0
546,4501.0
547,4546.0
548,3014.0
549,3795.0
550,2755.0
551,3004.0
552,2643.0
553,2489.0
554,3841.0
555,1665.0
556,2865.0
557,2828.0
558,2225.0
559,2018.0
560,2606.0
561,2536.0
562,4900.0
563,2409.0
564,2651.0
565,2305.0
566,2450.0
567,2576.0
568,1879.0
569,2560.0
570,2275.0
571,2361.0
572,2044.0
573,1902.0
574,2636.0
575,1838.0
576,2469.0
577,2250.0
578,1248.0
579,2560.0
580,2905.0
581,2952.0
582,2896.0
583,2783.0
584,3171.0
585,2766.0
586,2839.0
587,2701.0
588,2796.0
589,2703.0
590,2771.0
591,2743.0
592,2687.0
593,2843.0
594,3327.0
595,2725.0
596,2671.0
597,2718.0
598,2682.0
599,2806.0
600,2613.0
601,2712.0
602,2175.0
603,2400.0
604,2507.0
605,2127.0
606,2225.0
607,2067.0
608,2798.0
609,3727.0
610,1922.0
611,2053.0
612,2484.0
613,2584.0
614,1993.0
615,2280.0
616,2319.0
617,1843.0
618,2496.0
619,1032.0
620,1994.0
621,1718.0
622,1466.0
623,1756.0
624,2173.0
625,2027.0
626,2039.0
627,2046.0
628,2174.0
629,2086.0
630,2571.0
631,1705.0
632,2012.0
633,2034.0
634,2182.0
635,2254.0
636,2002.0
637,1740.0
638,2162.0
639,2072.0
640,2086.0
641,2066.0
642,1850.0
643,1947.0
644,1659.0
645,2361.0
646,1855.0
647,928.0
648,2098.0
649,2076.0
650,2383.0
651,2763.0
652,2889.0
653,2284.0
654,2667.0
655,2939.0
656,2836.0
657,2051.0
658,2225.0
659,2553.0
660,2772.0
661,2516.0
662,2734.0
663,2395.0
664,1635.0
665,2743.0
666,2944.0
667,2997.0
668,2463.0
669,2846.0
670,1965.0
671,2049.0
672,2752.0
673,2781.0
674,2693.0
675,2862.0
676,2616.0
677,2995.0
678,2730.0
679,2754.0
680,2754.0
681,2655.0
682,2386.0
683,2924.0
684,2739.0
685,2534.0
686,2960.0
687,2800.0
688,2735.0
689,1199.0
690,3186.0
691,3140.0
692,3411.0
693,3410.0
694,2867.0
695,3213.0
696,3133.0
697,3114.0
698,3043.0
699,3103.0
700,2655.0
701,3554.0
702,3577.0
703,3403.0
704,2846.0
705,2852.0
706,3062.0
707,2794.0
708,2408.0
709,1886.0
710,1988.0
711,3023.0
712,2918.0
713,2950.0
714,2859.0
715,3331.0
716,3589.0
717,2765.0
718,2926.0
719,2809.0
720,1505.0
721,2044.0
722,1935.0
723,1705.0
724,1632.0
725,1880.0
726,2112.0
727,1829.0
728,1763.0
729,1931.0
730,2218.0
731,1651.0
732,2132.0
733,1976.0
734,1909.0
735,1813.0
736,2008.0
737,1580.0
738,1854.0
739,3635.0
740,4079.0
741,4163.0
742,3666.0
743,3363.0
744,2572.0
745,4157.0
746,4092.0
747,3787.0
748,4236.0
749,4044.0
750,2908.0
751,2741.0
752,4005.0
753,4005.0
754,3763.0
755,3061.0
756,2884.0
757,2982.0
758,2660.0
759,3369.0
760,3491.0
761,3784.0
762,3110.0
763,3783.0
764,3644.0
765,2799.0
766,2685.0
767,3721.0
768,3586.0
769,3788.0
770,1976.0
771,2650.0
772,2654.0
773,2443.0
774,2505.0
777,2536.0
778,2668.0
779,2647.0
780,2883.0
781,2944.0
782,3012.0
783,2889.0
784,2547.0
785,3093.0
786,3142.0
787,2757.0
788,3513.0
789,3164.0
790,2596.0
794,3266.0
795,2683.0
796,2810.0
797,2940.0
798,2947.0
799,2846.0
800,2804.0
801,2044.0
802,1934.0
803,1963.0
804,2009.0
805,1721.0
806,2188.0
807,1720.0
808,2419.0
809,2748.0
810,1799.0
811,1928.0
812,2067.0
813,2780.0
814,3101.0
815,2896.0
816,1962.0
817,2015.0
818,2297.0
819,2067.0
820,3921.0
821,3566.0
822,3793.0
823,3934.0
824,4547.0
825,3545.0
826,2761.0
827,3676.0
828,3679.0
829,3659.0
830,3427.0
831,3891.0
832,3455.0
833,3802.0
834,2860.0
835,3808.0
836,3060.0
837,2698.0
838,4398.0
839,2786.0
840,2189.0
841,2817.0
842,3477.0
843,3052.0
844,4015.0
845,4142.0
846,2847.0
847,3710.0
848,2832.0
849,3832.0
850,1849.0
